{
  "accessors": [
    {
      "bufferView": 2,
      "componentType": 5126,
      "count": 65532,
      "max": [
        172.76077270507813,
        244.30384826660156,
        79.51107788085938
      ],
      "min": [
        -189.7052459716797,
        25.099843978881836,
        -17.24217987060547
      ],
      "type": "VEC3"
    },
    {
      "bufferView": 2,
      "byteOffset": 786384,
      "componentType": 5126,
      "count": 65532,
      "max": [
        0.9999425411224365,
        0.9999712705612183,
        0.9999984502792358
      ],
      "min": [
        -0.999801754951477,
        -0.9999992847442627,
        -0.9999915957450867
      ],
      "type": "VEC3"
    },
    {
      "bufferView": 1,
      "componentType": 5126,
      "count": 65532,
      "max": [
        0.9976258277893066,
        0.9999944567680359
      ],
      "min": [
        0.00016495128511451185,
        3.12592601403594e-06
      ],
      "type": "VEC2"
    },
    {
      "bufferView": 0,
      "componentType": 5125,
      "count": 341148,
      "type": "SCALAR"
    },
    {
      "bufferView": 2,
      "byteOffset": 1572768,
      "componentType": 5126,
      "count": 30120,
      "max": [
        118.1587142944336,
        244.617431640625,
        82.4268569946289
      ],
      "min": [
        -179.64181518554688,
        25.683250427246094,
        -18.49431610107422
      ],
      "type": "VEC3"
    },
    {
      "bufferView": 2,
      "byteOffset": 1934208,
      "componentType": 5126,
      "count": 30120,
      "max": [
        0.9999555945396423,
        0.999803900718689,
        0.9999944567680359
      ],
      "min": [
        -0.9998989105224609,
        -0.9999992847442627,
        -0.9999402761459351
      ],
      "type": "VEC3"
    },
    {
      "bufferView": 1,
      "byteOffset": 524256,
      "componentType": 5126,
      "count": 30120,
      "max": [
        0.9978786706924438,
        0.9999919533729553
      ],
      "min": [
        1.2400027117109857e-05,
        3.03611159324646e-07
      ],
      "type": "VEC2"
    },
    {
      "bufferView": 0,
      "byteOffset": 1364592,
      "componentType": 5125,
      "count": 145458,
      "type": "SCALAR"
    },
    {
      "bufferView": 2,
      "byteOffset": 2295648,
      "componentType": 5126,
      "count": 65532,
      "max": [
        175.67820739746094,
        244.63482666015625,
        80.56484985351563
      ],
      "min": [
        -184.01123046875,
        24.48957061767578,
        -17.31854820251465
      ],
      "type": "VEC3"
    },
    {
      "bufferView": 2,
      "byteOffset": 3082032,
      "componentType": 5126,
      "count": 65532,
      "max": [
        0.9996471405029297,
        0.9997702240943909,
        0.9999998807907104
      ],
      "min": [
        -0.999953031539917,
        -0.9997244477272034,
        -0.9996906518936157
      ],
      "type": "VEC3"
    },
    {
      "bufferView": 1,
      "byteOffset": 765216,
      "componentType": 5126,
      "count": 65532,
      "max": [
        0.9999822378158569,
        0.9996077418327332
      ],
      "min": [
        1.3968790881335735e-05,
        5.730707198381424e-05
      ],
      "type": "VEC2"
    },
    {
      "bufferView": 0,
      "byteOffset": 1946424,
      "componentType": 5125,
      "count": 359028,
      "type": "SCALAR"
    },
    {
      "bufferView": 2,
      "byteOffset": 3868416,
      "componentType": 5126,
      "count": 47950,
      "max": [
        129.61050415039063,
        245.0034942626953,
        89.05403137207031
      ],
      "min": [
        -178.19615173339844,
        25.789813995361328,
        -20.018213272094727
      ],
      "type": "VEC3"
    },
    {
      "bufferView": 2,
      "byteOffset": 4443816,
      "componentType": 5126,
      "count": 47950,
      "max": [
        0.9998576045036316,
        0.9999985098838806,
        0.9999999403953552
      ],
      "min": [
        -0.999865710735321,
        -0.9998710751533508,
        -0.999993085861206
      ],
      "type": "VEC3"
    },
    {
      "bufferView": 1,
      "byteOffset": 1289472,
      "componentType": 5126,
      "count": 47950,
      "max": [
        0.9999997615814209,
        0.9996117949485779
      ],
      "min": [
        1.1385418474674225e-06,
        3.298860974609852e-06
      ],
      "type": "VEC2"
    },
    {
      "bufferView": 0,
      "byteOffset": 3382536,
      "componentType": 5125,
      "count": 226323,
      "type": "SCALAR"
    },
    {
      "bufferView": 2,
      "byteOffset": 5019216,
      "componentType": 5126,
      "count": 65532,
      "max": [
        166.3203125,
        245.00631713867188,
        85.19589233398438
      ],
      "min": [
        -191.8572998046875,
        24.24869728088379,
        -17.525278091430664
      ],
      "type": "VEC3"
    },
    {
      "bufferView": 2,
      "byteOffset": 5805600,
      "componentType": 5126,
      "count": 65532,
      "max": [
        0.9998934268951416,
        0.9999989867210388,
        1.0
      ],
      "min": [
        -0.9996379017829895,
        -0.9999977946281433,
        -0.9999651908874512
      ],
      "type": "VEC3"
    },
    {
      "bufferView": 1,
      "byteOffset": 1673072,
      "componentType": 5126,
      "count": 65532,
      "max": [
        0.9999939799308777,
        0.9995095133781433
      ],
      "min": [
        2.1692365407943726e-05,
        2.3196451365947723e-05
      ],
      "type": "VEC2"
    },
    {
      "bufferView": 0,
      "byteOffset": 4287828,
      "componentType": 5125,
      "count": 348462,
      "type": "SCALAR"
    },
    {
      "bufferView": 2,
      "byteOffset": 6591984,
      "componentType": 5126,
      "count": 41940,
      "max": [
        140.76364135742188,
        243.59132385253906,
        89.05403137207031
      ],
      "min": [
        -188.36024475097656,
        25.613788604736328,
        -16.145530700683594
      ],
      "type": "VEC3"
    },
    {
      "bufferView": 2,
      "byteOffset": 7095264,
      "componentType": 5126,
      "count": 41940,
      "max": [
        0.9998973608016968,
        0.9998693466186523,
        0.9999992251396179
      ],
      "min": [
        -0.9999571442604065,
        -0.9999743103981018,
        -0.9999831318855286
      ],
      "type": "VEC3"
    },
    {
      "bufferView": 1,
      "byteOffset": 2197328,
      "componentType": 5126,
      "count": 41940,
      "max": [
        1.0000001192092896,
        0.9995039105415344
      ],
      "min": [
        1.3377051800489426e-05,
        1.1688098311424255e-06
      ],
      "type": "VEC2"
    },
    {
      "bufferView": 0,
      "byteOffset": 5681676,
      "componentType": 5125,
      "count": 206904,
      "type": "SCALAR"
    }
  ],
  "asset": {
    "extras": {
      "author": "Nikitos & 3130 (https://sketchfab.com/vrcityphoto)",
      "license": "CC-BY-4.0 (http://creativecommons.org/licenses/by/4.0/)",
      "source": "https://sketchfab.com/3d-models/kant-2021-day-232b83376cb143d0b302cd51157aa3b4",
      "title": "KANT 2021 day"
    },
    "generator": "Sketchfab-12.68.0",
    "version": "2.0"
  },
  "bufferViews": [
    {
      "buffer": 0,
      "byteLength": 6509292,
      "name": "floatBufferViews",
      "target": 34963
    },
    {
      "buffer": 0,
      "byteLength": 2532848,
      "byteOffset": 6509292,
      "byteStride": 8,
      "name": "floatBufferViews",
      "target": 34962
    },
    {
      "buffer": 0,
      "byteLength": 7598544,
      "byteOffset": 9042140,
      "byteStride": 12,
      "name": "floatBufferViews",
      "target": 34962
    }
  ],
  "buffers": [
    {
      "byteLength": 16640684,
      "uri": "scene.bin"
    }
  ],
  "extensionsUsed": [
    "KHR_materials_unlit"
  ],
  "images": [
    {
      "uri": "textures/material1_baseColor.jpeg"
    },
    {
      "uri": "textures/material2_baseColor.jpeg"
    },
    {
      "uri": "textures/material0_baseColor.jpeg"
    }
  ],
  "materials": [
    {
      "doubleSided": true,
      "extensions": {
        "KHR_materials_unlit": {}
      },
      "name": "material1",
      "pbrMetallicRoughness": {
        "baseColorTexture": {
          "index": 0
        },
        "metallicFactor": 0.0
      }
    },
    {
      "doubleSided": true,
      "extensions": {
        "KHR_materials_unlit": {}
      },
      "name": "material2",
      "pbrMetallicRoughness": {
        "baseColorTexture": {
          "index": 1
        },
        "metallicFactor": 0.0
      }
    },
    {
      "doubleSided": true,
      "extensions": {
        "KHR_materials_unlit": {}
      },
      "name": "material0",
      "pbrMetallicRoughness": {
        "baseColorTexture": {
          "index": 2
        },
        "metallicFactor": 0.0
      }
    }
  ],
  "meshes": [
    {
      "name": "Model_material1_0",
      "primitives": [
        {
          "attributes": {
            "NORMAL": 1,
            "POSITION": 0,
            "TEXCOORD_0": 2
          },
          "indices": 3,
          "material": 0,
          "mode": 4
        }
      ]
    },
    {
      "name": "Model_material1_0",
      "primitives": [
        {
          "attributes": {
            "NORMAL": 5,
            "POSITION": 4,
            "TEXCOORD_0": 6
          },
          "indices": 7,
          "material": 0,
          "mode": 4
        }
      ]
    },
    {
      "name": "Model_material2_0",
      "primitives": [
        {
          "attributes": {
            "NORMAL": 9,
            "POSITION": 8,
            "TEXCOORD_0": 10
          },
          "indices": 11,
          "material": 1,
          "mode": 4
        }
      ]
    },
    {
      "name": "Model_material2_0",
      "primitives": [
        {
          "attributes": {
            "NORMAL": 13,
            "POSITION": 12,
            "TEXCOORD_0": 14
          },
          "indices": 15,
          "material": 1,
          "mode": 4
        }
      ]
    },
    {
      "name": "Model_material0_0",
      "primitives": [
        {
          "attributes": {
            "NORMAL": 17,
            "POSITION": 16,
            "TEXCOORD_0": 18
          },
          "indices": 19,
          "material": 2,
          "mode": 4
        }
      ]
    },
    {
      "name": "Model_material0_0",
      "primitives": [
        {
          "attributes": {
            "NORMAL": 21,
            "POSITION": 20,
            "TEXCOORD_0": 22
          },
          "indices": 23,
          "material": 2,
          "mode": 4
        }
      ]
    }
  ],
  "nodes": [
    {
      "children": [
        1
      ],
      "matrix": [
        -1.0,
        2.832769343193999e-16,
        6.290011496532519e-32,
        0.0,
        0.0,
        2.220446049250313e-16,
        -1.0,
        0.0,
        -2.832769343193999e-16,
        -1.0,
        -2.220446049250313e-16,
        0.0,
        -41487.734375,
        33544.51953125,
        7.448379586716403e-12,
        1.0
      ],
      "name": "Sketchfab_model"
    },
    {
      "children": [
        2
      ],
      "matrix": [
        1.0,
        0.0,
        0.0,
        0.0,
        0.0,
        -1.0,
        0.0,
        0.0,
        0.0,
        0.0,
        -1.0,
        0.0,
        0.0,
        0.0,
        0.0,
        1.0
      ],
      "name": "1629075ec5534c839b959ef92bc01e66.fbx"
    },
    {
      "children": [
        3,
        10,
        12,
        14,
        16,
        18,
        20,
        22,
        24,
        26,
        28,
        30,
        32,
        34,
        36,
        38,
        40,
        42,
        44,
        46,
        48,
        50,
        52,
        54,
        56,
        58,
        60,
        62,
        64,
        66,
        68,
        70,
        72,
        74,
        76,
        78,
        80,
        82,
        84,
        86,
        88,
        90,
        92,
        94,
        96,
        98
      ],
      "name": "RootNode"
    },
    {
      "children": [
        4,
        5,
        6,
        7,
        8,
        9
      ],
      "name": "Model"
    },
    {
      "mesh": 0,
      "name": "Model_material1_0"
    },
    {
      "mesh": 1,
      "name": "Model_material1_0"
    },
    {
      "mesh": 2,
      "name": "Model_material2_0"
    },
    {
      "mesh": 3,
      "name": "Model_material2_0"
    },
    {
      "mesh": 4,
      "name": "Model_material0_0"
    },
    {
      "mesh": 5,
      "name": "Model_material0_0"
    },
    {
      "children": [
        11
      ],
      "matrix": [
        0.026850590164754107,
        0.846221948347853,
        -0.5321536055897471,
        0.0,
        0.0513644578319552,
        0.5304743992598093,
        0.8461433709493763,
        0.0,
        0.9983189561855639,
        -0.05005323030842279,
        -0.029222180894969085,
        0.0,
        6.522152423858643,
        47.75730895996094,
        108.2018814086914,
        1.0
      ],
      "name": "Video70000"
    },
    {
      "name": "Object_11"
    },
    {
      "children": [
        13
      ],
      "matrix": [
        0.1111031024510315,
        0.8559975379183531,
        -0.5049003027365635,
        0.0,
        0.0855125636088111,
        0.4979272180692802,
        0.8629925184906511,
        0.0,
        0.9901230742139104,
        -0.13905646545020894,
        -0.017877285187920533,
        0.0,
        -16.553285598754883,
        49.241416931152344,
        99.4428939819336,
        1.0
      ],
      "name": "Video70028"
    },
    {
      "name": "Object_13"
    },
    {
      "children": [
        15
      ],
      "matrix": [
        0.22121889571136355,
        0.85760404727384,
        -0.4643032395749291,
        0.0,
        0.12314367666359333,
        0.4477233684218844,
        0.8856519746868596,
        0.0,
        0.9674181283591998,
        -0.2530989598328896,
        -0.006563646356417596,
        0.0,
        -39.4728889465332,
        49.418800354003906,
        89.96578979492188,
        1.0
      ],
      "name": "Video70056"
    },
    {
      "name": "Object_15"
    },
    {
      "children": [
        17
      ],
      "matrix": [
        0.34748663617436204,
        0.8403735388570335,
        -0.4159631628751908,
        0.0,
        0.1595422864854758,
        0.38415095625538787,
        0.9093812740710342,
        0.0,
        0.9240126062469132,
        -0.38236155402573757,
        -0.0005877923187926903,
        0.0,
        -62.35629653930664,
        49.53755569458008,
        80.4690170288086,
        1.0
      ],
      "name": "Video70084"
    },
    {
      "name": "Object_17"
    },
    {
      "children": [
        19
      ],
      "matrix": [
        0.48371296871010294,
        0.7955914871314455,
        -0.3647683504714112,
        0.0,
        0.1926948865423439,
        0.3097365979603356,
        0.9310917895591125,
        0.0,
        0.8537508094298314,
        -0.5206701695775674,
        -0.003482802029286969,
        0.0,
        -85.41447448730469,
        50.76814270019531,
        71.56934356689453,
        1.0
      ],
      "name": "Video70112"
    },
    {
      "name": "Object_19"
    },
    {
      "children": [
        21
      ],
      "matrix": [
        0.6230679832807874,
        0.7137880386484002,
        -0.31983265013578976,
        0.0,
        0.22412826657484533,
        0.22882823647748796,
        0.9473141814164707,
        0.0,
        0.7493682728355715,
        -0.661924674017424,
        -0.017404527984397067,
        0.0,
        -108.64762115478516,
        55.283626556396484,
        64.556884765625,
        1.0
      ],
      "name": "Video70140"
    },
    {
      "name": "Object_21"
    },
    {
      "children": [
        23
      ],
      "matrix": [
        0.7461468070982546,
        0.5899324425985122,
        -0.3086173284616942,
        0.0,
        0.2669771662590022,
        0.1595237221876601,
        0.9504080043621831,
        0.0,
        0.6099083004463812,
        -0.7915376777065938,
        -0.03847037584245072,
        0.0,
        -129.16339111328125,
        68.19538879394531,
        63.89041519165039,
        1.0
      ],
      "name": "Video70168"
    },
    {
      "name": "Object_23"
    },
    {
      "children": [
        25
      ],
      "matrix": [
        0.8094021678297287,
        0.46961181003282504,
        -0.35260867628325515,
        0.0,
        0.32723403529029016,
        0.1379090037528382,
        0.9348256483599136,
        0.0,
        0.487633076052239,
        -0.872035466343883,
        -0.04204912101623304,
        0.0,
        -142.07908630371094,
        87.50798034667969,
        72.1058349609375,
        1.0
      ],
      "name": "Video70196"
    },
    {
      "name": "Object_25"
    },
    {
      "children": [
        27
      ],
      "matrix": [
        0.8369145763562498,
        0.357740000558706,
        -0.414241576719064,
        0.0,
        0.3951721307052603,
        0.12871351460172453,
        0.9095448412655291,
        0.0,
        0.3786990612561692,
        -0.9249080620035317,
        -0.03364666171505859,
        0.0,
        -149.23106384277344,
        108.32709503173828,
        83.37213134765625,
        1.0
      ],
      "name": "Video70224"
    },
    {
      "name": "Object_27"
    },
    {
      "children": [
        29
      ],
      "matrix": [
        0.8504221892699086,
        0.22442184327127113,
        -0.47583288690474185,
        0.0,
        0.4667589712115082,
        0.0954423110953545,
        0.8792194424865456,
        0.0,
        0.24273063834413294,
        -0.9698069918883359,
        -0.023584649531997792,
        0.0,
        -151.6461639404297,
        130.05201721191406,
        94.9471206665039,
        1.0
      ],
      "name": "Video70252"
    },
    {
      "name": "Object_29"
    },
    {
      "children": [
        31
      ],
      "matrix": [
        0.8498382053255551,
        0.04561465161700404,
        -0.5250660228265576,
        0.0,
        0.5254586999022834,
        0.0038736801183374414,
        0.8508102898410096,
        0.0,
        0.04084335277669765,
        -0.9989515995083046,
        -0.02067661417539335,
        0.0,
        -148.52590942382813,
        152.5103302001953,
        104.66363525390625,
        1.0
      ],
      "name": "Video70280"
    },
    {
      "name": "Object_31"
    },
    {
      "children": [
        33
      ],
      "matrix": [
        0.8231707159532056,
        -0.10940823292368518,
        -0.5571533101091688,
        0.0,
        0.5477798041326243,
        -0.10520678343496348,
        0.82998121599449,
        0.0,
        -0.14942308583853697,
        -0.9884135628813403,
        -0.026671522841859918,
        0.0,
        -139.40000915527344,
        174.21849060058594,
        112.13739776611328,
        1.0
      ],
      "name": "Video70308"
    },
    {
      "name": "Object_33"
    },
    {
      "children": [
        35
      ],
      "matrix": [
        0.768452111685251,
        -0.2532822441461961,
        -0.587647391593586,
        0.0,
        0.5452529731726437,
        -0.2214934097953385,
        0.8084799717145916,
        0.0,
        -0.3349336461045247,
        -0.9416946289628614,
        -0.03210418180904173,
        0.0,
        -127.09720611572266,
        194.72445678710938,
        118.58116912841797,
        1.0
      ],
      "name": "Video70336"
    },
    {
      "name": "Object_35"
    },
    {
      "children": [
        37
      ],
      "matrix": [
        0.6886233337579752,
        -0.3823336830140832,
        -0.6161321765960116,
        0.0,
        0.5176165468302424,
        -0.3358666698060999,
        0.7869349976719142,
        0.0,
        -0.5078100182662683,
        -0.8608220111882867,
        -0.033383385121427356,
        0.0,
        -112.8441162109375,
        214.1708221435547,
        124.22233581542969,
        1.0
      ],
      "name": "Video70364"
    },
    {
      "name": "Object_37"
    },
    {
      "children": [
        39
      ],
      "matrix": [
        0.5870257289153233,
        -0.49367535963527687,
        -0.6416271759210433,
        0.0,
        0.46619163504783234,
        -0.441819109072771,
        0.7664601974463984,
        0.0,
        -0.6618656608427894,
        -0.7490530783243089,
        -0.02921186146096577,
        0.0,
        -97.02301788330078,
        232.58755493164063,
        129.10699462890625,
        1.0
      ],
      "name": "Video70392"
    },
    {
      "name": "Object_39"
    },
    {
      "children": [
        41
      ],
      "matrix": [
        0.46757964440379485,
        -0.5849792840012417,
        -0.6626979051035363,
        0.0,
        0.39366424024480084,
        -0.5334448574005477,
        0.7486421375165797,
        0.0,
        -0.7914529310652053,
        -0.6109302917701038,
        -0.019142531337084767,
        0.0,
        -79.71369171142578,
        249.83212280273438,
        133.12826538085938,
        1.0
      ],
      "name": "Video70420"
    },
    {
      "name": "Object_41"
    },
    {
      "children": [
        43
      ],
      "matrix": [
        0.3347926067328615,
        -0.6549687385563787,
        -0.6774436227398422,
        0.0,
        0.304072499318626,
        -0.6053776948643927,
        0.7355662864207403,
        0.0,
        -0.8918821814764211,
        -0.4522541299695785,
        -0.0035179952131751957,
        0.0,
        -60.763328552246094,
        265.5049133300781,
        136.0681610107422,
        1.0
      ],
      "name": "Video70448"
    },
    {
      "name": "Object_43"
    },
    {
      "children": [
        45
      ],
      "matrix": [
        0.1949762489143294,
        -0.7042361067357984,
        -0.6826681245882971,
        0.0,
        0.20430975493889292,
        -0.6515955533419553,
        0.7305345706411168,
        0.0,
        -0.9592923362542343,
        -0.2819126475250738,
        0.0168366495864396,
        0.0,
        -39.83008575439453,
        278.59271240234375,
        137.3359832763672,
        1.0
      ],
      "name": "Video70476"
    },
    {
      "name": "Object_45"
    },
    {
      "children": [
        47
      ],
      "matrix": [
        0.0656931012810762,
        -0.7383121740363321,
        -0.6712522254069773,
        0.0,
        0.11281892567367491,
        -0.6628961714809054,
        0.7401625198872182,
        0.0,
        -0.9914415295184646,
        -0.12435352630988628,
        0.039747880954641324,
        0.0,
        -16.757925033569336,
        287.12451171875,
        135.318603515625,
        1.0
      ],
      "name": "Video70504"
    },
    {
      "name": "Object_47"
    },
    {
      "children": [
        49
      ],
      "matrix": [
        -0.02420417864634805,
        -0.7644169758974704,
        -0.6442676809338042,
        0.0,
        0.05524221826194092,
        -0.6444945054123719,
        0.7626107328216423,
        0.0,
        -0.9981795705470813,
        -0.017132409434422236,
        0.05782754957125169,
        0.0,
        6.931734561920166,
        291.7821044921875,
        129.947998046875,
        1.0
      ],
      "name": "Video70532"
    },
    {
      "name": "Object_49"
    },
    {
      "children": [
        51
      ],
      "matrix": [
        -0.09373607614866075,
        -0.7873001628497854,
        -0.6094029878536482,
        0.0,
        0.01593324585321687,
        -0.6132058874145416,
        0.7897624144745846,
        0.0,
        -0.9954695774883497,
        0.06431946219338269,
        0.07002376081245976,
        0.0,
        30.62247657775879,
        293.721435546875,
        122.9908447265625,
        1.0
      ],
      "name": "Video70560"
    },
    {
      "name": "Object_51"
    },
    {
      "children": [
        53
      ],
      "matrix": [
        -0.1564412186594737,
        -0.8063123595701793,
        -0.5704266157085489,
        0.0,
        -0.017086718437415438,
        -0.575241851837851,
        0.8178049009068118,
        0.0,
        -0.9875394620760121,
        0.1376851142953715,
        0.07621430406486207,
        0.0,
        54.17155838012695,
        293.2340393066406,
        115.32933807373047,
        1.0
      ],
      "name": "Video70588"
    },
    {
      "name": "Object_53"
    },
    {
      "children": [
        55
      ],
      "matrix": [
        -0.22355260509952313,
        -0.8178218988967114,
        -0.5302749988809524,
        0.0,
        -0.053693279701307606,
        -0.5328846833862482,
        0.8444826498675123,
        0.0,
        -0.9732118291862949,
        0.21725850017275639,
        0.07521621922531463,
        0.0,
        77.46205139160156,
        290.0821533203125,
        107.5898208618164,
        1.0
      ],
      "name": "Video70616"
    },
    {
      "name": "Object_55"
    },
    {
      "children": [
        57
      ],
      "matrix": [
        -0.30998939140885584,
        -0.8124748117259343,
        -0.4937522228049966,
        0.0,
        -0.10721581471180663,
        -0.48614790327769963,
        0.8672744578357996,
        0.0,
        -0.9446752597002055,
        0.32178392820276797,
        0.06359054379972762,
        0.0,
        100.18041229248047,
        283.2582092285156,
        100.6048583984375,
        1.0
      ],
      "name": "Video70644"
    },
    {
      "name": "Object_57"
    },
    {
      "children": [
        59
      ],
      "matrix": [
        -0.4414484505163627,
        -0.761378493595676,
        -0.47479053805513227,
        0.0,
        -0.20439956837645762,
        -0.42989916373082737,
        0.8794359132256617,
        0.0,
        -0.8736956460829026,
        0.48527260226960567,
        0.034152884245179815,
        0.0,
        120.50973510742188,
        270.12835693359375,
        96.5392074584961,
        1.0
      ],
      "name": "Video70672"
    },
    {
      "name": "Object_59"
    },
    {
      "children": [
        61
      ],
      "matrix": [
        -0.5731054679588932,
        -0.6553999301727326,
        -0.491936026455875,
        0.0,
        -0.3255074015070776,
        -0.3688492651255424,
        0.8706291697275353,
        0.0,
        -0.7520605388927997,
        0.6590911554147306,
        -0.0019479975223783974,
        0.0,
        132.96792602539063,
        249.06399536132813,
        98.66539764404297,
        1.0
      ],
      "name": "Video70700"
    },
    {
      "name": "Object_61"
    },
    {
      "children": [
        63
      ],
      "matrix": [
        -0.6649803254923896,
        -0.5307947623488461,
        -0.5254123018840228,
        0.0,
        -0.4319259865117051,
        -0.3006005041096673,
        0.850340684140718,
        0.0,
        -0.6092955841657856,
        0.7923990517359583,
        -0.029370630296748468,
        0.0,
        139.95904541015625,
        225.862060546875,
        103.52217864990234,
        1.0
      ],
      "name": "Video70728"
    },
    {
      "name": "Object_63"
    },
    {
      "children": [
        65
      ],
      "matrix": [
        -0.724427387498026,
        -0.3939945258322297,
        -0.5656618016598094,
        0.0,
        -0.5234360607349248,
        -0.21957362422075644,
        0.823287382308794,
        0.0,
        -0.4485751336900978,
        0.892499712695079,
        -0.04716579559503109,
        0.0,
        144.10855102539063,
        202.13156127929688,
        109.298828125,
        1.0
      ],
      "name": "Video70756"
    },
    {
      "name": "Object_65"
    },
    {
      "children": [
        67
      ],
      "matrix": [
        -0.7534019538070398,
        -0.2485962034215572,
        -0.608757278103616,
        0.0,
        -0.5984652510809814,
        -0.12434042771441733,
        0.7914409651290322,
        0.0,
        -0.27244235949703843,
        0.9605932467387972,
        -0.0550978681212162,
        0.0,
        146.1699676513672,
        178.22531127929688,
        115.43460083007813,
        1.0
      ],
      "name": "Video70784"
    },
    {
      "name": "Object_67"
    },
    {
      "children": [
        69
      ],
      "matrix": [
        -0.7518358350737464,
        -0.09706002032427963,
        -0.6521673324796431,
        0.0,
        -0.6541658797920191,
        -0.013988883589148182,
        0.7562217352416307,
        0.0,
        -0.08252198988691767,
        0.9951802166394688,
        -0.05297600961306714,
        0.0,
        146.32046508789063,
        154.2189483642578,
        121.58486938476563,
        1.0
      ],
      "name": "Video70812"
    },
    {
      "name": "Object_69"
    },
    {
      "children": [
        71
      ],
      "matrix": [
        -0.7177950562770883,
        0.05848516012606314,
        -0.6937937324804834,
        0.0,
        -0.6857792397047866,
        0.11281333363181778,
        0.7190132030392774,
        0.0,
        0.12032078612649055,
        0.9918934609119595,
        -0.04086894451779233,
        0.0,
        144.2283172607422,
        130.25161743164063,
        127.39891052246094,
        1.0
      ],
      "name": "Video70840"
    },
    {
      "name": "Object_71"
    },
    {
      "children": [
        73
      ],
      "matrix": [
        -0.6460157144012668,
        0.21798315697610454,
        -0.7315374495002647,
        0.0,
        -0.6838001192046825,
        0.260649094949712,
        0.6815272894591662,
        0.0,
        0.33923604425574116,
        0.9405027339548924,
        -0.01932650255710877,
        0.0,
        138.63900756835938,
        106.6685791015625,
        132.12844848632813,
        1.0
      ],
      "name": "Video70868"
    },
    {
      "name": "Object_73"
    },
    {
      "children": [
        75
      ],
      "matrix": [
        -0.5254560433540187,
        0.38208167437425783,
        -0.7602036178617563,
        0.0,
        -0.6200031673556331,
        0.43993002012977434,
        0.6496596415490183,
        0.0,
        0.5826594365250789,
        0.8126962356846374,
        0.005727960570538482,
        0.0,
        124.49923706054688,
        87.15316772460938,
        132.4961395263672,
        1.0
      ],
      "name": "Video70896"
    },
    {
      "name": "Object_75"
    },
    {
      "children": [
        77
      ],
      "matrix": [
        -0.41825712971746176,
        0.47906489300322946,
        -0.7717239154855284,
        0.0,
        -0.5227605358893431,
        0.5678436834734,
        0.6358262130928922,
        0.0,
        0.7428205675378123,
        0.6693656545051931,
        0.012931551014363829,
        0.0,
        101.4151382446289,
        81.39169311523438,
        126.49638366699219,
        1.0
      ],
      "name": "Video70924"
    },
    {
      "name": "Object_77"
    },
    {
      "children": [
        79
      ],
      "matrix": [
        -0.3412803019840407,
        0.5299590307932497,
        -0.7763189944593403,
        0.0,
        -0.4324567416751433,
        0.6447757730549109,
        0.6302740428267376,
        0.0,
        0.8345711006603334,
        0.5508244985130212,
        0.009135085137992438,
        0.0,
        77.85052490234375,
        82.18083190917969,
        119.04194641113281,
        1.0
      ],
      "name": "Video70952"
    },
    {
      "name": "Object_79"
    },
    {
      "children": [
        81
      ],
      "matrix": [
        -0.27602295732490734,
        0.5630028872009069,
        -0.7789987651036779,
        0.0,
        -0.3440678673168873,
        0.6988970010310529,
        0.6270249473743522,
        0.0,
        0.8974567564566113,
        0.4411017240424745,
        0.0007995856023660375,
        0.0,
        54.60420608520508,
        85.7772216796875,
        111.24250793457031,
        1.0
      ],
      "name": "Video70980"
    },
    {
      "name": "Object_81"
    },
    {
      "children": [
        83
      ],
      "matrix": [
        -0.2132522598983866,
        0.5869629501017958,
        -0.7810236672828985,
        0.0,
        -0.2524189667629969,
        0.7391700060158861,
        0.6244296336856348,
        0.0,
        0.9438263287631534,
        0.3303062176439792,
        -0.009469092839135884,
        0.0,
        31.705129623413086,
        90.9978256225586,
        103.37987518310547,
        1.0
      ],
      "name": "Video71008"
    },
    {
      "name": "Object_83"
    },
    {
      "children": [
        85
      ],
      "matrix": [
        -0.14470061209871465,
        0.6049136883742852,
        -0.7830333086629683,
        0.0,
        -0.15119758279890982,
        0.7685508757222866,
        0.6216661824341687,
        0.0,
        0.9778553184464581,
        0.20834822064016892,
        -0.019748294661853016,
        0.0,
        9.027589797973633,
        97.36327362060547,
        95.59807586669922,
        1.0
      ],
      "name": "Video71036"
    },
    {
      "name": "Object_85"
    },
    {
      "children": [
        87
      ],
      "matrix": [
        -0.058224401874418685,
        0.6160527327406233,
        -0.7855500935708533,
        0.0,
        -0.029142431011273617,
        0.7855008020214886,
        0.6181740925810069,
        0.0,
        0.997878067571945,
        0.05888565620257885,
        -0.027782040106377304,
        0.0,
        -13.439451217651367,
        104.70455932617188,
        88.10256958007813,
        1.0
      ],
      "name": "Video71064"
    },
    {
      "name": "Object_87"
    },
    {
      "children": [
        89
      ],
      "matrix": [
        0.10122153374061438,
        0.6041069713444778,
        -0.7904485867405924,
        0.0,
        0.18527612553421263,
        0.7691829453251652,
        0.6115802105430935,
        0.0,
        0.9774594408026496,
        -0.20835633850187074,
        -0.03406872160597607,
        0.0,
        -35.68794250488281,
        113.19415283203125,
        81.62157440185547,
        1.0
      ],
      "name": "Video71092"
    },
    {
      "name": "Object_89"
    },
    {
      "children": [
        91
      ],
      "matrix": [
        0.30663295619150654,
        0.5075810559839481,
        -0.8051942012853035,
        0.0,
        0.5066833632803799,
        0.629080572132475,
        0.589516414648787,
        0.0,
        0.8057593930896123,
        -0.5887436669482722,
        -0.0642860410677284,
        0.0,
        -57.283721923828125,
        124.3875503540039,
        77.14762878417969,
        1.0
      ],
      "name": "Video71120"
    },
    {
      "name": "Object_91"
    },
    {
      "children": [
        93
      ],
      "matrix": [
        0.49353963809984647,
        0.31533670233416433,
        -0.8105438851692653,
        0.0,
        0.7366154345542894,
        0.3439331313692291,
        0.5823295482138546,
        0.0,
        0.46240277594394696,
        -0.8844618506795934,
        -0.0625372488342808,
        0.0,
        -76.58627319335938,
        139.08851623535156,
        72.58712768554688,
        1.0
      ],
      "name": "Video71148"
    },
    {
      "name": "Object_93"
    },
    {
      "children": [
        95
      ],
      "matrix": [
        0.656753616908669,
        0.06726795672030694,
        -0.7510990005825173,
        0.0,
        0.747579599376174,
        0.0726705751917247,
        0.6601846181924139,
        0.0,
        0.09899206672224087,
        -0.9950849257726594,
        -0.0025614890358223175,
        0.0,
        -91.48809814453125,
        157.03509521484375,
        64.5606460571289,
        1.0
      ],
      "name": "Video71176"
    },
    {
      "name": "Object_95"
    },
    {
      "children": [
        97
      ],
      "matrix": [
        0.7860780844455939,
        -0.15652213860148634,
        -0.5979816596535071,
        0.0,
        0.5974495765551316,
        -0.05573483998860329,
        0.7999672687588779,
        0.0,
        -0.1585409998342371,
        -0.986100627592875,
        0.04970214917383875,
        0.0,
        -102.64497375488281,
        176.20460510253906,
        53.57632064819336,
        1.0
      ],
      "name": "Video71204"
    },
    {
      "name": "Object_97"
    },
    {
      "children": [
        99
      ],
      "matrix": [
        0.8453521300174965,
        -0.37854857580314766,
        -0.37693600522143045,
        0.0,
        0.3718991084847016,
        -0.0895087937454504,
        0.9239476332295671,
        0.0,
        -0.3834981478223407,
        -0.921243264072874,
        0.06511542841133078,
        0.0,
        -110.5593490600586,
        196.36988830566406,
        41.644161224365234,
        1.0
      ],
      "name": "Video71232"
    },
    {
      "name": "Object_99"
    }
  ],
  "samplers": [
    {
      "magFilter": 9729,
      "minFilter": 9987,
      "wrapS": 10497,
      "wrapT": 10497
    }
  ],
  "scene": 0,
  "scenes": [
    {
      "name": "Sketchfab_Scene",
      "nodes": [
        0
      ]
    }
  ],
  "textures": [
    {
      "sampler": 0,
      "source": 0
    },
    {
      "sampler": 0,
      "source": 1
    },
    {
      "sampler": 0,
      "source": 2
    }
  ]
}
